804825724326179
3152567197394253
1045026945849263
6809431349125590
7714238087775073
1737696323006074
8875230042896473
8171178722210758
9736206608428315
6211582003055135
5164245336995583
8114171083486499
2383203763800898
4498633721436310
5148797850584015
377469764681559
9269416227041356
7796659801246671
3688788455021074
2761793375896075
4762350998013244
8546516594613799
8962739074412515
7551494811164126
4979374022122840
2405083380916757
5101796629992581
6740606179791322
7234254666693760
6493143989865486
8770339993893931
819150194779451
9365264537954010
4194550045952397
9782902771952619
2664961677540586
3034049748277629
9573609458695596
8514859661872567
4943290506673387
4590904938387241
8469991123016642
7463817079068967
9023127434641013
4756080735763807
5096830911759686
2226861721592138
863383670631936
3748415484326493
1736684430048468
9283948766784639
8597911220643550
1963230715152065
9286259002740472
7259212685139506
3056264040907546
1503650880025376
9985493102083921
2240562995913196
5503704791242134
227113533188663
2876788814785701
775530419422916
2182160527898126
5186931098838206
2229579544591993
361166542956361
7402751997155119
4913644787565808
9343670048266007
2672320371487101
2005558241574426
1660186641735210
6477956486178896
21526986877955
1895086009743404
3077334473208330
5961474911833330
8241988366237169
8418350430930299
3621713565193825
8309756332299499
6490926483150189
3820724230751125
5938969309394256
6025947200108163
5573373626537680
7543123689234305
1402307639003789
8004112979524893
5006959658095390
3269344484121172
2595186254194295
6518823500796514
5938399298172895
9357311389489995
2761630859074559
784066335950194
2465383184378247
2461813571529225
2844761385078477
9255482911635151
227886710298679
3054340812266134
3711235745509299
6148917007486836
5156233391960737
3349575010096378
3315270187526506
5127546663286348
876539865786091
445790428937020
7970755902010541
6497972152068774
3885625827913875
6772044560681844
6435102347091658
437313638150996
6656552235251197
4108963507376974
1306345899108329
2289639474212187
293358203187487
8318803398223641
6219641384606326
1518187347041612
7221246723585230
7697175914281966
9705533170752494
833344530903390
7209638554771244
5662519471786555
8326748109080607
8845009175754434
5344609388443668
6855445998545263
7110224581486462
8477758146449858
1489964407637205
7060167951293089
4385516588333607
4660485541802432
7429532616422424
522164753492885
9259683229720779
1437338588714408
9925382942436168
964261060354516
2213596053510418
8778656207918746
7047036004543793
4047716472288553
5087875401550327
8790209942062723
7546062962127140
2242440450185553
4212204260375994
5673620283412696
2020684452194398
7523907830446744
6074661179109977
2283910823389592
2919314803551284
1372924778277584
5964282127640451
2221499907058168
2884880241801847
4993459052146336
6967881737639223
1501565226749367
6888896758418735
9164944717321762
5860071260558592
9535890045916863
9422654775306410
2796694642916275
8373477136227094
9669542249401315
9610648252258682
1047440934814739
4435720546659721
4221803963346500
2428040737878486
8212967900268571
2853339718634453
4928687647490681
5710195879590178
1775937951846152
9034358879702123
4070394506416781
9840059880352231
2767241245982846
1375695392641550
4244725393121449
8921679108903148
3526650310758440
5385398027809843
726493738053533
9959810347490184
8097634059000565
6230374849044489
2299441656236941
5662147451996106
7778516155685924
2746658312237687
7183279492454130
9589097030463316
6117642926265993
9851421014725051
5682782714509537
1654481038799118
4127995057421538
3365235704323651
1093144263664929
1618494788825417
9357128970354806
6382053408144087
3497010402350985
6932394951017591
7238106594625966
186861979926266
5831107546684139
4844692869780288
1829054257360221
4272089680159484
9087575746189885
2344284745764477
6492328237085367
8979830893007615
6874738051168
8611419050684732
5544347136260386
3715502978245488
4031387397323127
5018377643805540
1605609763540273
2338398843011087
2693918268606176
6245195744499865
2885159011869703
2315871067990948
4741667465933194
1159856366124337
1438904086549645
3391890314296179
6028713684951195
4196634237297809
447170107480639
6010052082179820
4089601180273411
2021323877220624
2570253049920485
6469569960130970
9030537918116855
8299925071950346
5674493630431512
9985498944808062
5296503143558359
2921183633887902
8794610410424806
457670488606151
6501995078036389
4627636852770657
3636113214089617
6094203935066831
3016241037756859
5780209444172866
2656219014842167
8133794083322788
4692704090651273
44888522148792
7630684673117996
9096341114622658
7006168728270057
2804785012801556
5361508435807387
1375232357819268
1043350450820479
6756412852116056
3956919875398025
3959255240451081
7075840556387313
2665995186564012
1977110535509461
7811577699441167
8774564498678012
5891982001293018
8149663803608933
392520325030991
4106291367447755
806953215981304
4686739184979101
9228328805721056
8344857939681030
7490120510820384
7257163952219247
8817372985882705
848684711795505
2356454418035811
8062314978518734
5827020354323540
6874116619313518
8116982251641524
322923981524083
4048899847233600
7939644372901751
9535245558827669
6798860847770210
3308732676224114
3513910132258132
2796722289899935
7135923529366089
9111941418020891
5111603222436985
5411905074727328
8169331097981838
1671670021028693
3443146492821499
4931646907234496
3525876463306772
1816746172491928
4930017875611893
2398534115926201
8574680560227835
5599820113203955
5677365518495905
6454880198399875
5589041268847
987993502338180
6555310321765529
6972155727244414
5996119477649619
6368537698476924
202230881762953
585233369908987
9400374537049115
7570879792599835
5919734964577
1765928577636693
7900639821229823
4304221670775504
8076543266592455
1243425980288941
8254866278605354
8230535697503731
7189855827287640
2394981712044462
7207540761176299
9009086851819929
4097367325562450
6440748195061422
6270463841649527
5516129556948139
4575667393503669
9164881627074253
7292820203684789
1798352867838416
5379626871123903
7765719277703024
7802040038833603
9178582099523654
3789749110013793
3156441465439566
689942439665341
1096009230868560
774790550256314
4471241501610536
9530422545693122
7810899323760283
655433293210966
2088794283185339
5139627841958971
6896637085719300
5438035545608104
8604205647490750
8827557608517588
8622709335716554
230317692822017
3833345268421223
4947957890637447
4824598527906564
2050540818188298
7121457745613878
8044154686445653
5865663148077284
5251808494331817
4484428280621897
5231222002170518
3808234232738999
5213329956773701
8000487433014187
974996690336982
5193943513602410
8066863931249470
3488191535509678
1557580187561286
3935535361218433
8351346227418405
9980154521991008
9094998394351582
2074197874070068
1600443662761550
489442082116710
7739749866991828
2669085324533050
3101210922800115
9756219918157807
6809479012671278
7251793254782899
3208183355227609
7276880205831068
89572324087604
8271896195659493
9603379495610463
6208403983806504
6925011253426947
1235369224257322
6362332517008295
3490360544063106
7314448091600569
9032088353953427
2379176122794109
8550145015498824
9822594484649015
2779240568891310
9036003275276592
6599516919625464
1417277122127319
5673198036596349
545454888164090
4169187093565909
2402796572937613
3423281603206991
4379299650747866
5071292581002121
6455676212420017
2198215249379725
3004396889768558
2366575265592035
5772893784552726
1292502447690153
8821909281674528
8614621388388952
8822888917914240
7339292358545826
8943224975356662
2203595145977745
3858930870753554
2563603658299543
5090254271986298
923706899720273
4831942715289306
4771385045267883
1488375984389029
6230640449322282
8651017194470209
8273375084394607
2793317990117216
8437050491852866
8816249645193027
5296919254840511
7680941628260921
6998950426634714
1628057793769790
7473884365131122
7209773224845680
3287581998661044
7703986694704258
8319903413764580
1074951971753818
9945609740277676
5058518719082777
5131973948299919
7700060912383976
9839950960003310
6080232259673023
3101736019649037
4207342288203840
4494156996067214
1336708125784591
4625670530134725
770576284988899
1994238353353219
9119977960769372
2527282731215436
6948208848473052
5027600649096688
3289449251481082
207681669790882
9233141155525219
2781051423344085
9456772673888578
3408631498679228
3312225269532378
4767596513622297
3475912058225589
4386238327997518
8131454144698934
8681169633559183
8045897675501638
7715253878395134
3696856792312496
8532989436742250
5903760373899163
8816116515811520
147224478087360
8573609339606153
8387614496606495
8543138769892227
1710275480451735
4852880940621189
9297660824114408
4997751516452419
8052214728628306
1249182322846328
8095162025126771
3121783298287588
4761644331667672
3973832998655976
7081592806257325
2849934160873106
9438429856890718
6022322030106751
1723827995921216
2706760140555740
5408704571701750
5927772687248495
5574286620660453
1051659496022073
9437207306234327
8132157636284666
4021551860008505
5816907660244287
6092366057133937
2016616946745642
8547510940404483
2941273983678627
428978842876017
4344517683961301
3318165430178378
6949014071964513
3335265847837057
3821587392626229
3259817670874464
5716146007293351
3848988691915757
4449748456973804
639510058851574
7639198404348943
8741026422438124
6159640541159035
353745722950591
8693664544441835
8110269209535113
1196935913351213
1314316515867370
539019568156174
3203208700876624
4286390152525776
7592374699592483
8474443983300483
8393693348866511
4613322637102370
2335870098818989
35667864816551
7617724406997384
1084352548797314
5311509274579792
4991199122979005
8595932222441576
6628412868050734
547125326623496
4869428889950552
8089733351088301
6977298634170920
9676668924300834
2631824499594962
3079670637662024
8455466634243057
3837077138204256
9187930996255011
6135819937370853
3875949330520985
8359442958734898
4892794122651516
6036439783396754
6278780442415950
9967831742480397
8525520680640622
4704509104674010
4587204442585058
2085666686152760
9349077789580342
9250950575593916
453360678586365
5395965843299148
6307434551617412
8972944489869759
808548184001644
4658262337563835
2119342770237394
4846819827706934
9644295733039069
9508400093513328
4652267814663173
6824819563121181
6081226627935738
3520479371567337
7460293817690055
8197101197768560
4116338391816209
8062154716097653
482565785673125
7674419721591607
4890248494172577
2700660078018677
8641577566809930
7599046578107239
1729909830271116
3298996267013943
4252191005577346
9873894243986089
5476208648329628
67545499801282
832758727986363
1541040435985204
6107944103330485
7200122704476738
3960453682825814
6325646102144060
1863393068231385
1225530795997890
5376452669701508
1430664483847868
8908690851816161
8652678572337187
1546810234679153
5118993997874689
110571827511049
3092163876884293
7526776410758588
7506364556409252
7172799534509733
4919028201494540
2246275133106495
7020022343324144
4855342357147714
1225579251422421
6499859210630755
8321211098458330
2308712251600202
2731360682560938
34508586580109
4465806731386587
4849838571917206
6307442441308535
7513231054698723
9665754822056340
9438591846737026
4578333665446611
3902878305169772
7348960749018395
375073190629255
6837375732136240
383486680071158
7087999874705263
4547719762117835
1307113297099019
377618603078102
9325722370787779
1173135236543221
7057725051862902
8206700077232572
7272027571102819
2163497173872203
3033298317320848
7433536290121374
4640559632589584
850915877499105
1402918489521979
2663641732939250
7452825780259498
8135888853459828
6532864794408202
3751546091648623
9532543126177765
2585991154070120
9355556993002683
9571932050584528
8773386127038294
499350784883567
8784402797291730
5130642015005106
4173495474015634
1404741548437645
7491769213722277
9449837795680509
9031156362587967
6366985817224734
3136562868929831
6788740749884482
785197740916678
304742466708870
8711254298145248
3061501366154111
2614441281675815
4340876747340186
6694764286894487
6273160349777362
1092696214046366
1057911643042034
2172821761357467
1180967679831078
595370716586092
18244708517656
4952862071406691
6750329792212136
1593016436078048
5657855125213617
1294137716282388
1142451704782414
1924559617035367
6831290487467914
2439610328519821
4555644756597299
8253361407643686
1064302868156459
1324766273630222
136871532133451
7463608733466277
5679272304239300
6206396996715744
8058223790212750
3200133984692822
8149480744517229
2464494172299930
6669741905486552
2195104257116273
4594584067472249
2351868998869814
7131635855260824
4719887583970845
5565720079426264
9274313447707798
7113113176284233
7365793334418131
4030293760868432
4460705688357359
3820509362876128
8465580075550270
630553930442289
2215327796395250
3864305150240264
3547128765574140
4264810825831175
6827939718015638
5154251503606487
2146264285196402
2265008863029076
2551239349272474
5266776226392103
7638387517556042
8890052279940872
4646864453741666
8482940778115620
8175621251321409
5522748316940639
7562964322983316
5153536007378774
1691088930317966
2382677851261089
7957708400697706
8196782116721441
8764502381378502
3312181519536062
9049314079130849
1641094477224112
9099450071669728
353673914428147
6085897509412646
239341351872148
5764915830770545
8540600878314630
4425570484481876
632016101206052
4180132401043048
8229761386058954
4542866881508863
7436103373775564
3207656683695106
9098867576856435
6382176631772584
9376725801318435
4455551135293396
7840811574218920
6919023100350598
4333730156135462
3923045149820592
8857116205873168
4028649650366425
9400291500382589
1058530770715294
1670656179523796
167601570601276
4981717986311883
2894006003285790
156401984218342
5723218908769246
6117486608041701
1592110604609126
1374377813906335
2859799662493594
886983872210763
9062983281237764
7158167763475718
1376579286885571
4539514742671814
1506815117022585
573373037160672
2485712221557622
9233241126821423
4198953527970746
4852864164139247
9918540974903854
6618354444669026
4598722418700113
1910184011084391
9682232722618559
3380847150558810
2128067117701284
5531002361417356
5829249837827428
5979763138623279
585179044808798
4878294536370234
4388224118067204
8649140041430604
4141207814112598
3084379424338947
7162039369921773
63555044564886
7881025475669376
4037792768356478
1358908054722587
6432104963537637
6714031628023720
5632165513108021
6322869051727656
8019846821770741
2676709695506123
6886003604327014
215555611047634
8809541095529311
5809810415886673
8655995056548335
4021692813793561
5102544352542932
1210686358139590
6872899597259192
8263209737045136
3989727762374010
7982668421287591
4080158363999079
6273993405909781
756418237923252
732010914581295
9834296978749552
2678304162852690
155916426167767
2258569499225339
5547444774167044
4106106168380411
8111698982482895
6065054271649624
1461555567304556
2349689378871710
1587803074692739
8343675378663849
6518136807210324
5705850502748411
7180195891127401
2916781493011366
9334694297265499
8650712980206981
6290463900050319
6094463312702043
5759113365723091
1160375143392804
2689526087282691
6108050824463452
5516543528343787
8726645511259664
8787065803931985
8381255437677876
4291969225310546
636012838545980
197114788878821
763907523804644
4738758886074815
4500880442508046
5217990600954291
4486576912620671
8933513666087649
7880335859532997
893207946223860
7163858702307032
8806218939455704
5534979460826748
437839716972669
4002030238688610
188961722704788
2264487270413642
6332216954161083
5431637039582424
4538943614181
4121775957136503
8413115395401989
1822131864575850
6447588572398067
4234260006711978
9224290699828451
4534969816548787
5016130562562932
6547386150743026
7897202031310125
3280828668346440
2182565138081416
1001282231546940
5374092296890117
1169392922237132
6133443839925768
5327123198414894
5095599150414026
4736174668749834
5171151656642277
1581059260231509
4871331287285504
8016156629339324
8403730403979006
3401945398066789
3833184938096111
8980914159795476
6628376151372131
2872514470286874
7717684662342266
7592793200682514
9747867477433464
2776214211855818
1596619902172051
6741484281211573
8586776951857687
1374059742821876
217315366525217
7455928884225996
6066488812089518
6884175101565079
6748825222379305
5225213534385835
4856745024678042
8344118213356997
3663274899144116
4869435277711487
4879871183829712
8091717490340009
8198800999419047
2185261728483618
5466451713897717
9739412345425983
6119658122018958
4217038395757952
9143723764370410
9171608639159471
3858875366872416
9295108494661559
9607301841614932
6102220678667164
1429452014402213
8417010451977284
7541239032776051
334539853864966
8332807070425283
1759165337642459
8800305385719078
1718197844620407
6970600590383228
6387593376597280
8772458801946559
1454958719137709
3451987350574027
2033353603389795
250714434530836
6829242888074545
3137887408550799
2215310426113515
5145217113120520
2499808889504768
7513320387348080
4289251529217950
172724116142931
1461290579564041
3045812958865697
8094346705651891
5117623094893766
3849931954271845
371184378573303
2827683108396855
8242990114049060
4514792655492552
527722407495693
2333686817008766
5350250292335017
2198034133221685
1897209226813495
2032387145157422
7281168010043042
7166044976364949
8149020416791459
5769719065745745
296902546487284
7013753652983501
745429204365684
7651667297976796
6757634140389765
5340408950738283
4657383134632435
4775528509251365
1396028244875767
7185512100170239
8846701250548050
9205692709120117
4792998711914076
2043864132756059
3060460265047602
6724119004342060
8520559369599994
7380468446696863
4605105331007689
1139383896638119
940976700923235
6677221464509119
6351634290316825
4241316517759946
3502154241170002
8908037595134301
4380373754888643
5975581241367577
1235634349773132
5107715800970320
7796985113684247
7875125495835131
9266527193453374
429076997520051
7514220402438955
6170464935954244
7735982183407969
1235588024879099
6651684731365983
2911822550615414
8399747317931990
9721981559737887
4894774662998750
2632953775515598
7115340191347659
8068656931705948
8191624522710153
4985090808926363
1811099383924371
8898572455395489
4852146721299643
6942081860283358
6719850659366704
3905771940705688
9026157868168046
853009388109968
1566292975511535
1956801638070249
3039485258619059
1181114549413388
1959970889502873
7130429067072379
4800416266161041
5258731207600173
1935519485611308
5363938858859882
4877710354571321
4004431352123280
5900728017053505
1328721472337577
7600737521978633
2144199719028779
9234051772978071
9483044367365906
128438385180644
4062969267415538
480974918861805
971188095407569
4644321224518737
8652263439215359
4128787418861948
1087173998554447
9208440213369466
2236285786866957
8918833708465047
6736014655014133
8164304809982207
3331073200179961
9742341616643478
4949903425380224
9970302859108817
2254066756312450
549974330571093
8701429705857248
8794034035559279
5745652688227578
5106994489966843
5557398287626004
1847792818215703
5237168251724219
2597319999849210
5098032225347120
1209375250696453
3305055130188460
6304003962726746
8356396691101181
1500749471145785
7448049162184832
8185231877165660
4087174605606768
1305500658708093
2529532999058555
6969498997721090
3634114708159575
393160986117895
2112716888575424
6288174940164110
6119419526275328
8764650407297795
6210659453569484
5756366379863602
5120222600437943
99407774520215
5561070960447891
7243318584485388
4827473987656160
7513957732980388
4958363596627635
812254844557618
9707679627783086
5557482600786234
5129800245522606
6958483386940701
5120901690882714
9277497811446182
1482348236097097
367015642164240
4308361603526864
9974328783791867
1281750376350847
4011294172596917
8175298862029035
2194304133584868
8621382258061328
4118607285455139
791047605584824
7637260452313429
9217945746903763
6462354754002060
4346513330470711
7304167635187272
7612470277483604
2264693048522274
193481155295548
2496764733199386
5893216238197398
9394712452673706
6690876588305936
595618257268910
1382919414096443
7747864472823877
2956854231484259
1059804657647145
6793643916535902
9943833570492490
9735306777275299
7265562903510126
8751841252385359
2565623088878025
2800210495925589
7869078468339397
3093810710552756
3896764351787460
416535572372794
7857633291483313
9343635483692465
841962680572207
8033897568196863
642512398182788
3884092213952470
6816103965669563
696598557219479
3026374065138551
5744528295750598
9765590203139290
5605345102854623
8595770005031
43013279702876
3083871542564063
4262120715275080
4816982947444756
8974242470368771
4470532715557328
9977081789933544
5696995435804788
6026938368400794
8262299618912226
2927820693091778
7555388464134201
5698400673524959
4468075303462702
1056045420958302
7030211734011989
3359145488631511
3733042079657143
1890044227068310
711030762174089
773274773782336
7334683649623090
2824885436975327
610869793704489
4922587920365156
7703234139398095
6814034863541401
9424791779889586
6693009804730274
18763155598811
7070089602552838
2210565655840286
2295421843780719
3356301769992378
9889030543555502
5787093699588574
2300469595061536
9349813230428114
4658416130263903
3040017413302772
9315638305381128
3177361364903066
6448175868280651
5406268528089083
6726361225932290
1116735640004013
182245913858717
2816594893919792
3820906740860429
8297513328735689
8525622108802228
9324874705726211
937319839411684
1427761154267306
4476115015148673
3344136023605549
6082000339906793
3078280594176366
6811083874885264
921719040216096
8502139514112924
4972661338422442
3500825389566224
6681281110387699
6832941781972720
8096895497938432
7862505511319872
1079916298180262
9226363444507913
2278613609089920
1398173128430913
1398385784320231
9998270994016471
9195098192344165
9150389647583260
2606401764184490
4158951708962687
2084294616640971
138476642143402
8909402313146034
5227604781316409
6318554029812713
532720786807733
6655884994822111
8140769688191046
5552475120917263
8114721707845677
9413947889061319
3169920360682588
3500957533794882
7097315483422942
9742315053672405
6543147800608900
6199597799120422
5281288557527065
3596101248047348
2054764681737595
536339961589960
4958818325344588
9813503811890581
6135785753982062
3141518161863199
2991860388122074
1900307139973219
7594853556411294
7635051571999298
8560452106210678
3819631838736596
6126784273795318
5537795956206125
2560258333837489
7941084015036699
9484291929391773
6673343533915871
5306023945920338
7223941386525824
4333607157930797
2962623202960547
7749583652762541
6402070030098432
6838911912997478
6523427250718620
935577593609081
7983996595285415
5172290824528811
9838681349620951
2889192844757419
8641261507078070
1809990478783140
5390339229734860
6958474626198377
3674471203825918
693232265314490
2040923119996524
125670035681730
1143131894819220
5299874845164781
83899096053598
9670576537786210
627500955988556
3245404890208692
310474906943936
6433101134215999
2944644895693321
1217809825446732
718493435617135
8807589400399290
8234215733504301
8516865750701819
8214562385560338
3439595791845639
8211004218700887
6036524603856253
9460379353787839
2724527065006426
9881147430201699
677933359254351
2046561620777631
871143974018265
9248309311941826
8544904488539003
3631647152481528
6141635263196520
4387783206226152
7144431479898028
6280984905506067
7470534281051622
3414117509064797
639338449941264
6731941161478430
5960012464553523
8266615325484167
9081908051246798
981409393307291
1618200541060810
4623237196668906
3756097890602476
5753486507667195
425552342514614
9644615584701853
5187758917286794
6905063183033949
7563506533989877
6444908472619252
7119367608104303
9541924769747006
7007724802376756
9265140888287724
516693583599749
9955985471955041
2169116695774272
9148853118851183
3364318006770095
894913645307326
4760100929120697
2631854109615661
9156004787084439
9109379718593200
1377742494727067
7481506156476354
4291868785681284
4592400452224379
7642420819850400
61323606394649
9410612665775873
962982646832135
5229695468433233
9440065485866985
4521564780674893
4616929796957979
6309391275899767
8178540225467707
2823872142022124
9666975778809493
5191316558752681
8860830639882988
3631247566208991
6449300868601856
7209292043037454
7219673440683191
3838650387063841
3142167005692433
7798494184974194
6249623194519927
8006971129330614
4514343859435163
9485860204704464
3398960516407447
5194190317971648
5216876692640223
4176121650728758
2955913187994028
2073879312453276
603533770242372
2139812852848122
4551707378798553
5257800388931780
8596160367090231
5863488988962221
3528603996643784
4838523184248904
6415618931813304
6181756883669926
282950107136699
7406417478030473
5422709457960673
3557240111083617
9890254004015913
1745367738681648
2233389862804568
9096129391483700
4931412528307508
8301613937972775
596969837445552
6877670441346895
8827844678116796
3734998141058698
4194168888538209
1836198862884351
2800966608960384
1442628074581603
7994722966784219
70779285590192
1222028741048708
5088804036945872
4613556065332920
1783049505556474
316884591914791
4735517540458031
1253577662720042
677632104648205
7423125875113519
9154685914893433
3386416590607655
8626862981305904
9031747316063089
5982549682843941
8895523982319692
5634229037069625
8230954659954772
6370590867140197
3616048830267074
3966699151276287
6735955692319382
8174457664513333
8210901570406581
2009214743212987
5046924476422344
2137454923811705
1311929461772734
9575372082816583
1320361582089598
7259207984428751
3549841626069025
7643408223360718
5940632444582172
3040390545600847
7248377613823484
3738905112094368
3493624939288798
8664438660934416
2450441022535741
324269096182549
6609546085656824
8676724947516999
8890941081713075
9855440304303678
9974470532107494
5266746504417849
7378633058168301
2810059110695885
6509172210670945
2921763292012399
1674253511202490
6566369004195066
8359102156529543
8729513698656881
1762920525402216
5012598504812106
792449242188920
2847910033642117
1854572773139064
4092840023659433
8506609390029966
8171980830479146
6477841759175343
3954154616624219
8120919769770359
5710055619386667
7662153396073970
7163692670226107
2990278710931809
4985792755896272
6963241266714345
6733145800782636
2896575724632296
4419893348863928
1543069784774197
946252480589556
930300226576955
281250467535169
1762121846506958
1664979301622307
8012092634495276
9754102476879725
3907053228794669
2729319186658009
5353437911766585
1924029832973948
418056275869860
8008484987145807
828496785703786
3176097097114065
7987360297170677
8758064508121190
4117812157852742
1414131506500184
2393841283728962
5245047853533411
763140976449758
7598304880212682
6170644022810350
2583451635163260
8396016972413269
6962351777844367
8956279128060973
8746681068542573
1607189992291168
4671708952151195
469253903311394
8564174637700963
727378349618127
8035572410601557
6817674965902120
9850922633975645
5490643673146028
6261646689461853
3685339383695883
1747011313405906
6730232652195936
8370690340339419
5732840737911943
4854581212336083
8274258869555347
4653629676760485
3255589540951406
3251869465773765
707684507335308
8998014347800954
2221102189187111
9244993280859770
8071553205246923
730212118983931
6767391560286399
8500698985632164
5585384820906364
168482396145414
8116004313352229
606598847299524
9590406872895106
1869701125845892
6701645778652046
4154834694732849
1887439557063589
1245059522831031
5741118637911658
6072280586157235
7032602690459958
1639766989241793
2084425672352630
8463220598452679
8786648413591956
597197706528368
1168553865428372
7933052731499511
7400978236602513
1493780255680897
6419127482460781
8874362486131907
2657841947284049
3328251187363223
3237478347302938
4076327493059084
4237684565411119
624964455296577
4522705004273568
227741412207062
5018167468186680
3269259404823208
8793165894757714
8292125246015671
9053380373037136
3893219986583316
5704038615189947
6615816689049725
2255754526731283
7088523931822260
3952774625088399
9168239181666360
4006017351826527
9311742071731629
7099441379159562
95629523301326
4128262963563152
2594918225702505
7112279600327099
5289500596137022
4749196521147183
5965319591279804
8919756945247489
9829420431498057
6655399778310357
353892387363042
1879675940168113
8762935837352628
6793910068350083
429466878773970
2865460352878976
5946551677908850
7734568100583983
7588642518240390
7152775681339656
8709746126675794
2213805068165686
4769307706225686
6030619566972824
3444426987763329
576387014177081
6004934991525484
7155626311561786
1296678420939240
6072938074325225
2019395719378894
5243536992441543
2783985002425489
886902793730525
656589008787249
6405776827812818
3123500583039298
3566315293309860
5680419888145727
981335259430962
5485736759572819
8615886962059753
5259639896082975
3305325555833553
339932984823970
9537342056868921
8216011422043327
5747711828191526
4995205701069462
4045698865887128
466714104670835
1331884420630671
6734528174700482
1772633107311763
9792633063061485
9117533735617993
5362023233975908
1012762297900469
5529173220600057
8651298376197675
219632904203646
8273463997566025
2577796209113568
528901994263827
2864817696016643
7133791063859043
503088754739430
5382160386753788
8630705822707791
6564469786608379
7796620140070853
1342765259031089
8614430805831061
2051470304894143
5696132680214960
2712868201508277
2564904917531394
24030780112120
2444008115353045
9692117196756152
3380883810461872
9919383637202092
7405981507762661
9605169880289647
5103001897874962
2207104426019249
59487187145424
5207262629556124
9414905077789130
1613548264003362
4166848241162618
913847308336242
5690316895349137
5180100125232965
5294018526535698
5830595874070369
7872723019996918
5488006747942229
5699269334705616
5410395885126777
8196511081291370
1998714958739774
5132854091211313
5623779265626051
4603220775663635
2884492906027188
7549294982553786
3419252884336383
1230714981635952
6633479064208693
585778172830632
722173038876183
1519433422695724
6061274403763125
8006740405891872
1558337759835750
2157607703793561
6884088417478324
1415843549779034
405813434603150
5551767642078619
1723850080302044
308176767925885
6421366616108030
4941709176812928
7122428887330850
3049969136743645
1633190716150248
2268206503297539
2920256832239886
2358851439071062
9947607570540136
5941279546038590
8065523835565261
9199539966388090
8323534808338286
6647158196284728
5706323120112809
8248746955081202
6695446209752148
1079870556545142
203468928620444
5916410160381272
1175265916743841
9201494291878590
4691279238697043
691500959406616
7269335382460562
2442704305819787
5993739611862017
2819479147131879
9872721645860285
1677718273034119
3341715609892232
1180925697728071
2745402677328111
2276703545481377
3482091673135081
5049273261802959
7160227110932230
2892089642402893
751960315268939
5138381937399283
2099197205834990
7617132864265587
621598788298346
5142734220528544
3452024230148572
1915925378404837
6481518484286813
2615277917440648
8359756247413262
9320454390072211
5235200698193360
7467678395227003
1398532591398854
2785186881542847
9015302493740626
1218476695762076
9497377116918336
5152139207562036
303463913865872
9116158328003403
2143865910942176
2184854425465278
1419955214167258
6842415449452930
6898183482968377
7759819499607100
8058085384844610
228224414855871
8886481940107443
9146479403160222
9849645659747408
9520254001262256
7686776499764566
4856302685839602
9222994693896064
3602346257248566
8794294530538243
3697695537669365
6697299259661641
6247381990802610
7128966714712171
743615849611079
5668744460912128
8146023627086533
1327535038515202
9615362608838180
392298870911153
9984135782545980
3879783079494383
5428381915864927
5732199448450754
3229879815725388
9587095834533176
4959405332873060
8113272095289392
4210588104340426
3937660523207951
10475766741709
1502369661938019
1330796940871422
1433049185580186
2902300019854940
6014659946491497
5384789439961246
8823911542751636
4771045659178123
6484555428653337
4484416366575355
8807482594459523
4519554825862844
3958337837274248
1446855757120604
9727285427865563
9442627739326891
228804521357776
6014597250995668
6947747513015986
4669417310989718
8196638421130061
3114814838394743
2136629666051577
3513220432316260
3745007864788764
2767185774205052
9990671394271746
1865435412286780
5970706628114274
6134135696688029
4830363166061735
8097827822684177
5825787626232722
4647720114036203
5845232812246859
3133387241551576
568191180265819
6871383699138255
2999680297724087
9905120330763655
5759662045000460
7647456131810824
1150659857633989
5244487221878789
4026857258487100
683459793777779
7753104470581967
2133502533362196
2340796199868438
3739366201768379
6638855412516419
4429665984021783
7375785419799725
2347395331800223
3283213664154994
6750018773269597
2567979848412293
6035532768108760
4284515717962976
7705110353866766
5073393231568479
501692304942627
8572064078587067
7537165851444829
5974298797647299
419616241785730
253252674603018
277145075700342
1131602097586740
3528713472278098
2670041796028620
3536826498174121
2140293981503713
5502851055535626
1847492158179158
5144922232455163
9308044799842304
2598640833624153
1303572430307480
8077173475058748
9617234127403250
1199282580098480
2401867289594945
2982281043747274
8703288669333368
8699041917807116
7850327195274665
9437537968382472
4223452091566193
2475726767186367
5394280072119238
2655525445272646
9117628229480205
4390089493183079
3566259440668517
5387876396224953
3475524030666944
8904199325476445
7915761897178556
5321764779009323
7602078126478845
7754006875101103
357018588422569
5333607566628874
1777402656069093
2529326354753809
4081710524563199
7952844352675484
8780776372368854
5548318400404466
4356980452049621
603236592194930
7914435486109362
6260513460301941
969038762892482
5342793159022668
6727084478638089
4926004062600962
112346537066464
5535319787670224
2385536971763072
2508419044736182
3228220911828957
3182097580797258
5443251750863090
8251671352993378
3260459401380797
9452966651412043
7155604221512049
7107538327698330
7646178278801010
8620006845582297
8323586148184539
3521375832846434
4255691101143850
2358214859050352
4521597192349176
6701474275178092
5625394749887769
8886465436235545
4373654885343012
3684732269576661
6912959259779309
5235256578238809
4959532145592082
8714735029699821
9796610177039792
3008154007268652
413113169551023
1771479705986789
3323133475731115
9220632147075453
6055965288541722
1794665420210562
796890441953513
6428517605266185
4007341519653144
5140675795726444
1040293127929805
6580150445590658
5926370036009905
1179380896228160
1621826870686987
3429545542322175
1453146510826759
1399210930446046
9349005247059029
426434829641339
4884143329353105
7832344674655772
9900069602498976
7653460125475761
8786359524501806
577352904520994
8890489895410961
9417633989616813
8547799244888144
2381488709641829
2940355161412970
6735361702256380
1484246460228625
3002541611758370
2959747638451326
8296977342553106
4060240308428662
4910548195962124
6465638439652264
3083267842702918
303219283898819
9978674845158550
9381424297171789
5064497465568918
8642825008169535
9472541294623375
5575895378361727
9179874841600072
6522417845024825
4856639175589254
9030391441889519
816378530977869
6318274364259696
7830097925735249
5670613722926466
2430762491179145
9756309194709657
5372855718139762
783726125360727
8844035308998031
4310293070142094
374599108170508
1813942837717068
1546648744159349
5454528975489072
4236126055958116
2973973255907048
5454163262671180
5364106168102813
3435859438130589
7339927588235695
3722699359759643
7224769434404193
3859080380534357
8259280579710637
6152644671420613
6030941459459641
1266349689456574
6372202837406778
9465778401189995
1194593631463408
2859043924677940
2234197175515906
7329333884617741
3820814378433674
7868720087373180
371980757150633
9820926032134907
5770636677078131
6494155409847660
6075630264682837
5387386124594138
8051803077985813
8532654954326045
5830112026397832
8961232541870906
358730634107800
554084103027583
51657204868859
2379936029727062
210326285763297
3456848651670246
8783460672346695
3630673913913649
876070562825286
8390709980002591
7816595266573290
9648569752542943
9685767388789691
6154164544190639
1962779513035802
9767360841469163
8216612070414623
3752647321672371
1073931288360387
8702179405224666
9854114696645037
7472800895782258
2068732776197958
5785046784467676
8223477050538810
7878505027952766
409419968784078
1631425975474951
7659116414621156
2013553164091703
7924658001881574
1453628757587378
8177213263066160
7907295319848614
879859880869472
1723176619379482
7075776530700358
7483030899518044
5069120784469954
1094767536429366
5326339009219497
5080417014442331
288761188463284
8620928274729885
3139847683194118
9094947569694480
8728260473498510
9896642369883947
7566677703213251
5438155699827657
3988321502847350
1371362728208039
8588302129491538
516373624419616
5047386632064472
2552247190732349
5018567427869300
2754656107428142
2517829542716403
7003825912899604
9579594180605718
53104187979885
9963231846643166
4138526023656824
3956107988753199
3308844177675101
7421818550953369
1908658508796096
448850201069411
5778058715902306
6162723592769486
4179036100086028
1310185749048170
4754782241679930
6186996977592417
8211952168261181
1956999219652
6128900281399413
1201090887312711
6170715002681443
8797096135685081
6833466196320818
9395183859942062
7588438890878330
3463840249024296
3135818963115854
4041573199967337
6505723878774565
617159556172354
9959081933074068
1910181918047650
510868927663349
4870060491341725
3887700790258814
3030952254102152
8682224981693421
7622806355120567
8816258791955372
5199723336504562
9803368903316698
4427174459868214
2104656663792071
5639582120254284
973344721670954
3873184669632277
2020867951096561
9739326222090533
3547911107006949
4166144565015771
5757164013096148
9171544094324500
8311462433906658
8572420913528384
5625437929768492
4853104510767497
3887172417118113
3074402547576533
8556829066344693
2090007356924567
2045357600356804
7531244931808120
7791263578070900
8317274447310401
5073692693459983
9816004583268054
2841048609819848
7604830030347001
4440637593957462
3496763818790551
4302811950045203
9585305576152472
6234391591632048
7135640879117164
8883616886487061
4733884785272089
8319257949238464
3962754186061237
9766035508626383
8589369362993445
1751136828547927
7091093053128284
985582837372420
7176552200596558
6071841201665329
8402913099648503
7310723890635254
6730935213299279
4902203055568701
370059029795430
3835436220633252
7027272946662856
6426885879550110
4262092379779522
408037367922550
7894076066028956
8466094276259900
6121094615755371
3574960652685407
8609004544687466
1823851077000991
2495614971117232
4017885476811456
5098238718755944
9358352979478334
964747142242726
6766859203348271
7520884553331290
4012494184134414
8964351046554854
8696824352145336
2752946783808968
3053609145311336
7149787873996032
7032526742691229
1371349647124585
588725501652370
7573312703445576
525665794532569
5385099484138754
7539271321332425
180774287877118
3513103081112953
1607418080853545
577636820891439
4684098247570756
1757005819790590
1180238272324439
5853898359703768
5667004518704398
7504211666157540
352793379035082
2887252807579055
2036601737200766
1936395788126344
2712351496465374
882430651847251
3629252554663975
3624552299669181
2231901850250952
7481941487786356
7182976977278376
6916893587250560
7832496142661088
6012104796722366
6049501040150718
9700780417109716
8783927502381856
5462313197945931
6266924212055379
3665252048408368
844712755364186
497009391190525
60218510004785
5185875127211050
2260364126676710
888827827306635
3873948963438922
2049011207218989
7818417074098020
8935887036511831
4843552935847308
1375457944607105
6351554026111783
4149218950826583
8633314901854792
897282982252316
169654027862974
136923913711715
5047144412582269
7946297460687605
3702139686638962
3945235923259323
1269996716610688
4544026933430438
7489301297012251
1824909492371295
7322086051119861
9413492088638660
3952303128691900
2562095581067099
3885012573543297
7791137579627247
4004514486460079
4140291802336673
9449891471989912
1987596387482779
1481127230713368
6984424477799026
5385095909158770
1769670600249463
3030409153792274
6686292815908834
3449155213752238
6010217716903582
9030358286486646
6635364160700897
8187746312526965
531062219117569
302176301181151
999387059267190
5038918679974052
1656375899738149
1951310243698306
7040903381577244
5595270588865624
8366199570625268
173533270963778
2750091196196226
1884585849032876
5914185472242598
7944599472429306
7559389223305209
7561513082051418
828726077941290
8325612681324622
5725151404626115
2163558162116634
6987187183584140
8851851429165821
466563014903650
4967543657220576
8229974230927464
851098700730654
2698853597064577
3161587286530930
8211914565485503
4310478614440757
8149354802689833
8977655109172609
8976437537482189
2361618687599020
6670324919688648
6847171523786771
7343056830545305
1897076070361464
4937062142809976
2564596867466405
1536707036178554
5112104615134405
9625336801681449
5670153494930277
8630835573480575
4761938628048658
186429781308790
5873053314898752
8053315600351525
7044040960355261
4975255316340446
7191997489189222
4499984143385297
5696655194406113
9637536191907099
5732949122481146
9655946134198777
9120218361035094
4132429958550092
579062106249503
836983427071515
6078688362660206
2770285248785504
2339245931081507
3385977659994912
1356815534617033
7300451939403154
1476504757337926
4901970333657168
9201301441752940
4916690221925969
2882469577573204
3308357622178925
2554336109116947
3489351448071435
4329284715776006
7704004698787511
124147625941582
4222028895942131
2744287771634577
3865305688859992
887128537612397
5009944933468002
2828063023782700
3313143633224610
8369290067852617
5198338829833000
9765035078267941
1817367414196762
1231921655121739
7258186113809440
9831619969042337
6030039425012065
5539372675757206
2576614594723673
6045159750657801
4220855136140511
399011189509742
5469512330878072
7853742641917246
2593540367019775
7249117728979907
1439453049410550
4760146388163831
3806726523192680
3275435456513091
6304819027600448
1363772172890
679043022396205
7638276194121936
2203793539407475
6548544465044908
9854467351112450
1297681853061203
3623838042499882
9112057222696574
6825106659303285
5173611629174751
1923779634193108
1175314486936326
2195561685920200
9642168112774795
4608332382647146
9762828286929096
6623108183281708
449453282619332
6596667749488764
5377776684153028
8334647873077810
1054947902856681
4516663357924896
3808461796591981
7514481770692071
260801030250986
2680094636649832
7069030143567550
8842472984386957
2337788722546307
5782926833737781
5156520896781215
9862350459899952
7349927143739108
9866907759632831
9403784614112094
4153275753931697
4165979409891576
9917993286741594
3597416786611696
5099126588220654
1916863851825812
1314152021504031
5604128694879949
6690243342301783
6133921775798510
8726429628731242
681797555334868
698919772112039
9236125237586895
1985698847084488
6897832029352274
5846202104368320
6707767462151375
4722421597518715
2873833466215329
483359115701501
7536461613323139
543391876080254
1439363084452018
9762719200043527
2110064864252893
9309451900448628
8507802753440434
5341701098455791
1677400028419452
5309476771925425
1663874988927532
7079305279741524
9069579366916203
1282636836140324
5436711100950246
3830859836650078
1095774394903935
223469805569579
1166997241994239
3865428196667216
3840160118247269
7519258013111950
5685506866313428
4318264535265261
4997406160458432
2429515930570098
9908344680213463
5801559646595503
3925723705488474
2342170830133288
1907778797637983
340208947040224
3833547019276699
9155670026103742
8304232708263344
3341492812463211
9544131203251136
1972409782470564
7993655866993995
8670630833628379
3728646227435842
7884433647890760
6605171257557519
8066686795881287
9020938036046760
5731452810627832
2787954309938847
5230018680155475
9715463681341188
464264593528737
5846280535593035
1734406550584949
6024698234233833
6210246413755981
1551443617473635
7411411348948358
4385498325324321
8774669758362271
613857168459755
5624945593874659
6838709265329010
6491232908591757
4534434974122803
2660222870801956
877156377618518
6832881530768491
1888891019119283
6709230861260927
2709783891088601
3691265826605666
5830721473817295
2216887162874484
3001037102705351
1818008851617312
308416484862216
8886627986811108
5722843234848234
4587434606978975
8541227673874797
5816086131148474
741166512420775
4388944841669265
6328154838778334
2083778937106533
6620823043315679
894465461096462
4200555066608943
7833588962367914
6372962348228532
6885203282802613
3974989682125086
9358820400253442
9522592992343786
8881501455432976
5405936457962615
7881495035459433
5003168082713240
6525247024215381
9145385617155543
2321346733051357
1587287917167552
447709584028251
636943543048758
9174940885668113
3463944879615057
9554761773126846
1735949233267744
8156995599207703
5331658244171367
520299479185848
9365616059595429
6128094435986193
3182765368622378
1447719221006921
3284899923263168
7336554289397605
7527741763459489
8695182339598490
3730512082030049
8584529169925545
5901704823658488
7725965650990783
8258305211052821
9692993700002991
1391371609334876
1409636938793475
284506091301132
3846830657282505
5934179781542700
9738459269890009
7632503677325232
7965859861525242
8117732409248486
4617990713608238
1624989418524042
9242560960266255
9024134801675979
9829174909090360
8004226515491408
2140960649950829
9728379220863227
5935465822347557
3076456614150600
7348464841209641
5812136046795620
723081142630308
8102499436647606
4954310284759490
7664841301583744
9521979005340304
4019286438600653
3192072665053955
7414777159863061
4672487177883258
7281488069347536
8782799915799698
597133045235268
6596825676805038
6944860205157005
7759617839896849
1688260922793452
8931448784520354
7341027967651412
6810087327916299
511196076531801
9406818326250139
9865982631413367
4961452267115252
1373972109005122
5463810840809650
9851657749220036
6834705947000360
8297504315555910
6714592910075615
9322899771678297
9840910678922750
9513307683661647
4440855592811351
6053552934147881
4378416914041433
8783762211679455
4430432069610092
1899039609476356
4259837925693625
3270987062998691
3047417241657704
5353834544779929
2856337504797595
437831799186616
5880099920507911
1896926686650992
2553761537983313
4620517417272414
3390712896860060
1464306256932796
2486398411858767
6812726745317586
2382822020247672
1623548033561965
3721954628897799
5222438990635670
5894031159464505
2301751763741452
6344195973163987
5213716645533352
6307682535414963
8595782343483375
8602402721312024
3265432415642843
7457809627881392
915501524778637
1510321926443458
3038282970509017
5583355298518415
900324603546671
178951881410120
2042323820103628
6883525051342986
9912056025144849
5610770092591365
3772877684695130
755222265279639
7928873354436260
2677680215117879
3597469459650647
3581206491197349
1114132361902555
4217031342635576
2726133037243534
3115576257654004
8758170101533665
431805137220567
5908965260655283
9419278288625522
5521576508529067
2551009382755544
7236378072676283
5176743605280612
4555814341319416
629197154306820
8758570625020669
7725824778872917
6034165181988307
5730898999709849
7312017820883184
2813605078626257
4566600098580166
5003843112152025
1694194130900300
7913262736714793
6851394951572453
5397690045069980
446536603865578
1771130040779519
7470451492331803
4292365045752252
7304240861535250
8973795985629556
8981939983840261
6977972500817138
8695587840100986
9914186131667608
1201863061357595
5848963335942445
4400072108172529
180920054032549
875530813779606
1067234161143960
7011836836485296
591019638409918
4682076883873716
9196925120380249
8642285722421619
2732631215926900
6832592668747616
4458858085713254
9303927532516172
1788447998588706
4339056520072736
6492098628649505
2648472138425805
1784890210456900
3552052648792491
1197545428160966
2719144301713423
375944829408688
6776649691158994
4883501111335084
3684562145869387
4349275195103292
6945308984636946
1701899220290770
1245045321229091
667437275033761
6503154083978010
5578497711143417
4668827171111442
4866655950638755
7174428952903946
8479425197192828
6883547292182042
1773777516830474
4240833136455393
54746980490709
3407053815631314
6919105922465783
9765224727091204
248219181429419
371641930458887
8775490896814254
7011756215798985
7308381284453486
5729360808490535
6505163952588042
4600930582351709
2383128005465288
3706131350555085
8614542463285826
5931662148781257
7287652040573805
513585052660436
9578943929220226
2619784352313297
520182940680735
3575469533487099
2785506159461651
1442378201407246
4733536137734057
8457112283834204
4141486756920319
2119897556971086
5881623918590612
8210001403888551
5400660540843632
8574652733886624
4533566045164031
1898484314736707
5073132029132070
2717368882112378
5424847475302541
132594741110279
7010173825139723
6757084676066752
4392411469615470
9992066407964910
8108586867154420
5208682892784386
7272124923782863
3824862514476318
1677686649738494
9673167378346864
3132505843837094
2103510306036261
7881749374808502
9856007705990961
2043957060158914
419876263804778
7243234936057121
717287093581802
3260277332705652
2420704648591945
3805245946451747
3944085131105248
3697441640071468
1190474142884680
6449602037523649
8711846636597006
4568307524716265
464354023596426
6700021457492550
1849986310410990
9262051519001256
7822972005806815
9664825078520815
6721514049674745
1491010336007965
5434285331894253
8553221661187834
7322082956735988
5468732136528699
249287143878725
8302725075310087
4036921274734856
691184991697971
7142027492629617
7557989313259770
8182160890316992
1684245638646096
2156186674310949
1724967466771029
7698968295921540
6927066465020946
2657169780803678
676694246746818
8244684122836089
2791203574526697
198579940943686
9402303072732457
5296216569921040
4634258748617079
5734453167639231
6369499523508150
9889793522994434
2695244374565238
5414472011990087
4419278540738294
5191681005573313
9854205804285546
5590503229441783
843066095929432
3431700925039952
8994331215039658
4372402350104389
4025846938282422
3821661489204096
2150616987617509
2663566701290669
2199578622631850
6191722009341409
2011156001403898
3177894186040154
7870947996863243
2258079277592018
8977531272145516
1616566678163355
8204176095365149
5015265192402050
6868156757006818
9623642848745917
4797271516650058
5837115596598741
5597471203993787
6033243907990605
5039252750769405
864673212631775
5575665986942435
7488877891952537
4633054596119783
1330774990228336
2095401002486541
5009107378659728
6376991260319098
3074894787747591
7207227597771842
2276529510138630
2285904459713942
5874324962245436
5293969084769177
9153365274127643
4376877414517016
3876535449847884
8152132593017313
9522542955217448
7625283018382250
661391940469940
7447782633219769
2394966363575044
6802839043284387
870924235006826
1163740431614268
5219878449370638
6134424612820544
279821772479374
5479226943276005
6425331891927463
7355037943497557
6284400815661000
1463169331916923
2870443039161309
2119101857277193
5485240130688239
4215605186275340
6612310160088574
9524241616750448
7034113116111128
511452127388605
3211401951390892
8379795722993551
3195577564637019
4597144697003806
1784343018875603
7802082955675911
8905191644137561
3229273931767873
758020292121309
3685465374660397
2538651388811740
3147676648871560
5410782251916238
3918415455538028
1469242105028958
2421918251286730
5963388376865976
2131253100713745
9896224435428315
2134565410980925
2393749589660989
9927355569311281
7766681038249390
4958068589427391
3016089092160227
6519103358859775
9061789433354139
791726990825327
3938886579184430
4426498469091466
4230511931519853
7854624725739195
1080066466553753
1269411091910071
4865656396702701
6739342353955179
2786794132593345
2969182324437079
1846722322265988
8835712214397447
1126659572524682
9053459855824756
9919745419625281
3306138977669443
2463913290629286
8817566859118858
9126556392184556
5162572940471081
1416967489896987
9330548541802498
4495822177437037
2844874839639225
7151052767447601
5584683701759032
1108498697107028
6572049392276242
2163415636049898
6280343567322793
8974731728453104
8328930864342442
3269723187574521
9026505102970758
6312881551389407
3014880956728012
3932596108540052
8240140457237326
6790524395773597
5527677550286247
9950888286688428
1270469051862127
5339605803733185
5551055121262659
4947157591714143
688352935323613
3342188183744689
5880552179216542
3177699124140945
7104790488148022
629545399643140
9237964670687966
9602723750471862
59692399155541
2957034349936217
5824543964861591
7583229047028033
8603276172617017
6802780624653418
138142300229331
4236523671545940
6234138456711833
1663610110214553
1777055233229367
636180153140807
1323254948329430
4941887962004183
4676860027074497
6467616515498155
7410945061834851
8268338201852756
1235866639075970
6261986023270318
2589621797676513
2206086778626831
8495890271879930
1274302811087190
2260563797468580
28914967608302
9530205613885047
8823688832110065
9965888376309712
242126274096613
3678250098987001
382510057746239
741508720546035
2078824552311974
8641678109545872
3826419101394553
5913521583952796
2000371688637241
7759758849506315
1509650001615332
6775828800462722
1681154422749767
9211093448890332
8711265428931728
2853742014238593
6769626268312867
5296757074963647
541644115905336
3095990554264220
9376227331482958
9356973319346783
5668766712831665
1371345110965956
7511806528218577
2925351680861150
2816517847327654
1007618105992341
9136390845739754
4253807649191338
8529221091503390
3137999546551492
2907663437781355
1826065619292598
9346169086905652
5556678375075712
8752636253625229
8552877087224861
7476450536886293
9282866429954505
8917321376209228
7298788327661638
28616085690895
9646334929217085
9851544741634532
9675737266176552
8583621670902069
4401273845982495
1114485870677087
3756436196587150
8686236963739284
9017842120921012
4177386609817637
3770218167732686
9984167623257702
6167573525638471
9570748035013483
4861750064239971
4111212554159245
3691485263622005
9073030353932176
7691059922811729
2867817012499494
606194248050233
2646490972453442
2760172476640412
7207590083126106
457716093314640
454642097534190
9752074574554697
3431183411612717
3475299578525705
4687484592448162
7402760123856139
6790087011463891
5315274204653519
5998988401194906
9193982803472286
1414325254480954
8930347054407275
5331329218573203
6806606860575148
5632958153727741
4372223846682386
4748481310894928
9321849364287961
1919136750163769
7660237140652032
4895491332252586
1766263646188723
3957950946677212
6657476112668108
1887931033135526
2088295312238843
9832386598220833
8026630090443684
1148747205316990
4008163294304419
9708578860612767
2534509960956623
9058303940419965
2533442102943889
365670040205205
5387399762645855
7660433923340003
5071065604519279
3678645334254756
6965641959334396
1246609317496110
9939799234421520
4976498539967966
6748085367535340
2876982291247206
4299062860318627
2846151766676255
7744338654070294
1027363956114841
8820077762436513
9249197858560963
160590735007857
2092783042868586
8249693516125963
7109430118258136
4994705526629216
9729918194047043
6928176761078610
8191245478293926
876271725327666
1562521346905626
548233163814616
3030539956716789
9731423815990219
2967247472715290
9368354019322976
4840125034896764
9160945231496409
5144685113210142
760244364402000
3161675833961946
6080053052568291
4885648957034547
7574859361295279
77733836757386
7892239954445376
9071037355322757
3207983654182427
1063531294874071
3876752070930314
1481104320919558
9444072953061833
5113827885849912
1585104367509320
9704416957894656
1822279886214640
220271900047844
5798115342812172
8376903352404826
2223460111987884
3226946866237661
2329172725018883
2477313230917083
5100011647865347
9713970991130257
5915961299385387
2568447373436398
2896414966054802
4040710032929867
2272086411352545
7596234106608774
6028332003020207
742063139588917
4628548292288031
814981201132939
1749333019999562
1865330416390569
6745752671417971
9551969749362340
5440297843608880
5844579997578133
8288837676626103
9594331699676858
3567022272737592
9448646756142675
6907917311286487
2993428804326386
3682581599250890
7053626613027449
532061585967957
2835554484984539
7474818996252696
9857923590679728
5859319408583373
7102805306000920
4704457946114249
85769580159260
6298993109295758
4005726147918000
830550329985420
2153128860292416
7597080826240508
4252407504649399
8718271476488874
9168702471349230
8857960972944372
8550939056038597
4766743866723898
1014343924436427
3877881080346874
6428565045381549
4435109439112074
1126765236575222
4747785976749488
1177889778766661
8993252506098856
6550419755912766
89854373086276
4675601952436846
9545418336943458
7945589862657515
1495462832943181
11278856299238
1292730730007120
8142944050401171
7570038065130567
2642946829499363
8592818373871832
4194353756075085
8206546908776528
6273565498751395
2776159410635617
5369037181781823
6454589928360584
5211025285800450
680385174746774
9404821950349775
9682847879415303
3807452858724813
3412886596230533
9798447641200055
111887089415876
7126660537316489
5552186964162741
5789563541822213
591174456346165
7497803867870704
3609414432353927
3774872820973301
9484004047328244
4596286312544768
5508874878583735
8527431126100348
7388512168347192
3448518366002329
6683428167092778
6168380543209069
3249963424372989
4865351013141280
2344646103681678
9252593441543541
2203158837017981
6631229179925706
3964330557533075
525262987397229
7624539388275703
4954875241130041
3033911474171836
3354117925852128
4677981606930973
3646502928395374
8948808841784240
8043607541259471
7819286866041310
931198006444312
5249514346963768
8226299457164459
4901101461657042
9224560439465338
9449728265936806
6367319884783279
1717859754925997
3352530171235869
3960367460106434
2705635682020410
2980950381234825
5141357666993642
6998909658558952
5318289118637346
5155571424451567
2866004870689273
3334884619791263
7588555129132403
8566788274094633
9337199684172243
899118726685142
2375840665059838
7343541494865660
2321501474003848
3967602515587129
3344703070112021
6672405747014238
1198883513692205
267854406722754
3964568601830484
4440664172080186
8223589513756874
4049904950116335
3923795816132301
4529881860375187
6202699926517450
1175293941300289
3426102138081973
9052023616874229
4860523017037282
4521774183540880
4899758332962858
7881903152804755
9414444604228638
7551015468803342
2927303604475696
3520272527026579
9029290117539898
2470011335513412
104059415896986
4115294809230003
2703926213511983
3918886406192236
4496857009661378
5276879715046961
1918303914236103
4079384857657465
3370866090796953
3945052589436843
4955279285606136
5216768977667827
4884154309959690
3233045671303942
7414395969287517
8296677988176680
1049838097815701
2977305130418417
8040721028383512
3967461991849677
9998841749851462
5215472612601381
2868353405545121
5033625926852930
6538090170310211
9411279585113496
3874222824230739
7889564098353428
7316340357126643
7790069129634219
9183319172277008
7213246323478372
241050243043837
4384478262577009
9472886683006185
1671705961001879
8824110218440687
1467056563258302
1982951296693726
4255082555676632
7092644910981913
7021923190191222
7627654126090795
5080868569376920
2835378518545585
6243839059137827
4571317228390976
5698396583103482
9048449112817000
7119456527217506
521298374911754
5835267873017124
311505599607275
4717386973087926
6414076314005174
7578361304177518
1811137231817141
4572733420805010
2430477405306781
9744552063288474
211116485790719
2585774325308792
7950580510178227
898821608776510
3455776990672561
6157680010513987
5509959507710124
2504824946803345
8823580622688429
9258902730711663
3689105454353575
1086203015745251
7593211866723232
7074830455477925
9580953762379619
7233271051235505
46369601187812
4511333364665903
742495964976409
9662669707595879
5242978869281801
6789099979520016
2831811798747459
9336928479476593
7130283171017169
635541258750284
9229095335346711
4542643626441821
7682912401723385
6128187703855945
5388192858465592
5632416681302148
1543480700479770
3391793959470526
4293899718674541
3335314274991642
7200789477595766
5346947964456339
1821111722829950
7768194343062940
1294714505779928
9201250124409036
6897460075812816
4826785174339256
3894071172210562
921703691708667
1835119097006003
948188905390006
9308107455864530
491762174901678
1975132871693561
7419016166322103
4447003669007982
2207623963709755
615189165841391
7715401306499458
2256276956848024
5881258172090352
8086856361669425
9718739712379057
3160039003444786
7773920531336505
1609723049039697
3126359714405768
1635556533858389
6971470534079020
2257709904763020
7698040733124981
6414744616237130
5225763653183801
4888395987082675
2032058655199904
1806520757536130
8925166465924767
7352089977252434
4889309353269001
9228069402496980
7628456871525009
3637412983526561
1378285766521353
4224972507437903
7712928831324358
7029415237072038
6930789865038741
6583041083632825
4268550306641861
9841061014161339
448006005450711
3153004225240874
2940924655110673
5096853807183494
9444962599932901
2818667734842459
3418213946186933
7747274989010147
9790735918272174
5766697186913469
1508990309052308
1904637604372659
8710514903409713
9520026672607605
13331558683340
326262019259283
5218608535902942
8766478814912691
3998752599953538
322113738853851
7879671840028993
6070218543807212
1712418465832659
9605059797947521
6696094293259172
4348108158987723
2654394848680728
7787757649613719
7596169517600628
7309074760898278
2672604366993510
6497227550606789
3210108383425806
706712197314051
7094070521495215
8943949720602772
8785174808052529
9589205196070081
5560565721009630
9545703150034476
3779501548220228
6123254048451884
1477852450951553
5447398643683354
7114968060016197
9928178781359731
8810431255507674
4858180717990963
1647696475587376
1122260539017187
4758502162623959
5688669455668678
3171219243538245
2926330561423988
7947324191851394
1438196755854238
3399497421236590
191594041973149
3854229706052657
7359354878838287
9738209440861354
6652893410994337
6914348645130249
7101438756126726
7252866897028127
3119505486094459
8108009273555786
73004536991100
7747356898878289
1798855759999305
7772463582876892
215618447177773
5098727171839932
6131157538426295
2235900578931364
3576008202397991
5431931088647789
8053147765920086
4886831903649417
1613579214718475
996614411992923
4696263578454454
4117224559577794
9477201552941597
1017847375271263
7879465535152520
2769872027180619
9203138125243840
4781272247785673
3131434215222578
3242324860190230
880047883281886
7883953587464403
654241622980555
5120378371487952
5033486649040553
3195041990287075
935286046776979
5409042153944069
4818821819061747
2541235090317991
9471975535223301
6279720529154274
876807843346894
2533172238258179
2171309625089083
9346917157955736
6980302828967667
8879807027295
8832341313699857
5320269744930852
3745090409864629
6173934308922097
2152957169000046
1348529403814810
6835061315886353
8206161205779644
3894192112363102
7287840539880537
7185951985060991
7562695198273481
5187355362751636
4700268031110496
4007502195448905
2832611366524920
1014782761285678
5739080023470407
7687609656562141
4228867626716785
8198505888311988
1730223782129285
3481403837929969
6874974169013833
4888238671638421
5646375084339581
8071967524427787
1236922554045121
7677789665974400
7628780289279622
8067774357770039
4357942598274042
9755497956383537
5986986952909322
1366113142209900
3107410654119240
1599041919601826
6847873863303253
1454419383914888
6246699146604317
878659828611841
6889768084568957
9316349179436785
1691210624078760
3687418840409297
4847782209961858
4111698133716884
7512797202202093
7755875392285399
7081952320862521
9445210644527002
3739985265515469
4745731396321012
235691325641475
7346520743318704
8290931953699936
2398616658603986
3560151647917479
3350748695125944
5988089415761170
4618872422708355
4928182548196122
7876717678240786
8782669607171583
4401368205295744
6903833886298256
6808686241471160
7445945726290175
8816419834709675
2870172568355938
6440490759319587
7104217307578393
9504484845839504
2456196214533716
9161885117630762
8302162782209242
5815445521352130
1055725639154068
9160734591194542
1628831080162170
9884161390958247
9716488849759152
5467886155322584
2341440531905380
4630021217340495
121555056080415
9651591973217379
4540475658950520
2499169365680208
9719484983229739
9924114745509987
5107572449144618
7360858999647314
5621913519049302
3184689305958211
1293866549326020
6482210591846168
2921934095903808
3201674414083540
3175618281262483
8127978822933329
5243969928771985
1625072680408654
1467038979520647
1784447058148503
8172474659860731
9492474369676048
844587746559589
8041252090346658
1685654814753865
9301944251532944
96102531932092
9064966877619593
6710624365009572
1310768504021698
9321742031613402
5678116354393707
5693352439890150
5496879852993852
4997861409318696
5162649675944223
3822106597361096
1389012138258364
41883704939883
3914718756344335
8844703377512634
8812280405680958
4814488683214951
9396097363052644
4771910835077134
1369266812185416
8149772507286405
6896188242028343
1062175210744157
2325394209094619
4555463992319629
3408001015157993
943128721577680
6415216107727623
4371070400809947
5433700236899862
3555950061146225
6138322281689774
265496907143761
1303515734733785
6728743221177543
3356181382719062
3506983459492267
5180442223890761
3920063913899158
5701996233959477
2113176653865881
7427919461884259
7655193462040744
7523353566609185
5610035461366383
9565546443843723
6443629570133066
122200216338854
5673598795127053
6287035182142347
5460677023682284
49788035806518
1533172299476374
8654508130210177
7349359923531839
4548279682935954
4469242798408389
2834598412937097
6407790131813299
3079534743113714
7991662762965130
5856559297217791
1634503627961239
4700266451646746
2936884483668925
1633955153804403
4979249782017032
5067606223070977
8537027152282396
6713923523856764
5464691695626130
9607721121387287
7904343831081850
247178653871926
6287079725559444
2151312533013172
5914489483228035
7884829214803707
5659086441140715
713673627976883
8389386846992272
5612896584231112
7019786815579722
4434821518259168
8160215103393165
9871610173796407
5705617165899635
1639622681631833
8074111931629838
2144823002516265
6558688929972312
7952630509090307
5491864391534435
4047179494992308
5957970059266627
3112631231080137
2161671065644690
6816194462342651
7013701758463539
4063962767038124
7555751035514366
3097612363488095
4191400478351390
1823134141983313
488187934195396
9591007251212633
3360530365702269
8078932198489739
916169387663371
4125527557447253
1532316956524181
312150660652278
1741253237102659
7221165037080883
2605350719625474
8028646144732634
4807211577766678
5348411361177061
7926984482321593
7379174557970004
9427391891492729
4649339165976747
3959708904925979
2665244139298794
9114666623352068
577979531015960
777579085025856
4957092612984442
8834412119389658
1040555480913856
377506425141057
5014200595831483
2315357314551995
481127104036800
149221960953922
7918058300811019
5650565026875631
6811218625774122
5487577733696964
4100045052686195
8673535366536290
5999968003340987
4039506775371491
7854328195284744
1130953023723810
3932491856935283
8949512024185898
2827983854090623
3378723826359334
7247920273113086
7602428678951053
520644283227789
5742647902818262
4255651110118198
7567005853218279
4427733391926737
1506658093038214
700745771624968
931511184821905
9329826914249159
3073489597210694
9640236360262110
9112178465384656
3352204667061388
1694744659776067
8565906161023119
1032319862514037
4060816477668869
8455555459323901
3261526468193139
745920539177938
9072506254640078
8245721515467430
6840549359002253
4952440718476668
4768484406459798
2232803961596951
3632066029433310
4163487175168075
2822061473871887
6007969948970108
2757895559362927
2687393049356120
5777110757026212
5893413200777314
1592676527704403
5151186703287704
8016462069571760
828192984100712
8073743585970347
443835773846639
3594501203188694
390849499100305
5811587148513022
6109161094778688
4812011910089693
4631941635908664
1959271517776135
7116819471681660
5601299912921010
9893716734756332
4176023526660224
6276885226165876
8064738994244602
8259735219506161
6143260111334299
9425722784211920
3450126347185241
932956001331628
6868795985601157
5892166657565837
5812983838493959
7071288561579185
5386317551637246
4053907160020761
6251748231637250
6455974691318300
1893131476287131
7321053255704693
2330502084808564
4027622561677370
8371642382117149
8350011461155816
3830576904025392
6650803922324661
5342198538454607
8315208713210622
5783341729585076
2470603725478139
7661307500302546
4674197980810235
9599350132781092
3569401576276995
6805473588282620
9984949690062981
5572592024417241
6141719845443213
2494009356889573
7310556861665462
5932948335600754
4557724601689041
4962304382922164
4820280830521407
8556420140660015
7116666735633232
4889671562881756
5017259645611533
2313863700744208
291220336985651
9633728024608113
8148906489424678
6518647021459072
3279588136918900
7778251691971831
6748948930189716
7976924828325699
6817895048902229
4346802344896294
9789334035440504
9487437567281456
5720572396424702
3684549563483570
2861238654856266
6298452464049200
7427136944141708
7811414753025321
1338830085663836
806510713971431
3012278690763917
3877769804961162
9195091991044954
7755105093640617
9390984804755990
3617735541484880
8530126165902671
222602065968855
3706330306471305
834044122888183
6839232464009929
1920247202655220
2665551218128921
4933184716579144
7397414684056764
676739441565691
587377213012473
1362071155037746
6081636991559395
6670754183389439
2493820720973034
5010984962106056
7611314750186035
2973222271939545
232496163846635
3806487438599962
9086546885044477
4544742088301923
5517065653412445
4918076550230230
6274129576181893
49019671191403
9245862939242083
370533404502345
2171328321346570
2020795187649552
9480629724009450
7048374785209267
710854840396075
9177635160728021
4173397000891377
4789032000233352
5207898761110352
7381834287969875
9910853519502520
6708049302840310
9348043608148030
6115309688067710
5549342062845909
6334651950998767
2636329658098570
6781852507592226
3243423854058552
4342713351325673
5641765657723283
9933764727511519
7786515395887140
3454880092185171
7853628377298600
6151323485535539
4799451142002388
7822108647713453
1197549573291590
1082517488110129
5694221173174491
4214079144874270
328586915289692
8657158920951694
1734089695271773
7606080338151020
719327231115141
8085122182970023
5292591333857490
6154462860546400
2693982295383711
3575680801698969
5623534492256067
7586333889896342
3231049123483457
197527133180809
1289380488312481
5191771231131024
3280297592181116
2642139982680990
6709743138212217
931673608364114
1133771236003016
4343060689508816
6095008413761797
1725882646206607
8080530625437782
4207901317262330
1988244239111593
3360122503440715
1092663918186087
4687385955490409
5573911292256018
2273553880421766
4973541051517224
3866487228372687
2302915040556511
5919528525884009
8492526064724621
2328099086671708
4865022824347536
6619929511104114
2183780272206651
2602251329837379
9402620841315376
5578962656831090
257032255401477
747465522479707
3551479111256355
3737418798542774
2418140375304202
9970533873022643
2518127177060562
4716421461269046
9196081585282657
9913123779573060
3219400835926658
4534986709575048
3896046719138622
335724799060020
5433712584053281
9934045409780896
6727255453650632
8210409398509072
2017875489095382
5877865128877270
9576810674061538
4773743622714902
9256421994804868
6540270431960856
9811533470080257
6751283889176737
217025980341658
8257135681754391
6288647837956395
9888018560390068
3126918988154059
7509032289600132
2250056879125151
5028678364683924
7958320046058647
8990596587242397
6176662449937044
7493127541805852
4969410514734981
4759345748076467
107870901273869
371391288250106
1401037016386964
3900773070982158
3912480936662838
5887843112574339
7044132245470761
6194286580337699
5962214337151552
6203508083144304
6291077331371518
3042887293592881
4446118839076038
4269399043185781
6544398445512775
4096601859451626
6917070684384185
5723637471821205
8613063202951277
245054792167826
7731045883871222
6733376008851204
9771238558955757
9198884582901496
6882330272108972
8293088817146678
433948303864106
1974930390034509
8816310783635285
1258681294195952
9522153000694117
29444524638467
4485058226805764
5558441035967218
5306114127146482
8361475803066139
3974977672350544
2094675406974710
9246542690944975
8980716529359440
4162000244940862
3132783343266105
1670201600630569
8077478759600546
6126011708832356
1047578555779311
4248875735248590
4955245047560653
9476600262855950
1521236963762367
4582690759688751
9227901455417422
5707149909676563
4305863258136419
9761677748167002
7414991859624512
4510445082401291
6900191217046894
5790504078448426
391094185244212
6369175605420998
6649424797442977
8063940242436874
8192913252529109
1298190432003734
8346021142213360
9684678634797476
9524360627905507
8387412448879169
4154891339863065
1986563156992662
5521458893726961
8706665517176509
3157876078429866
7987416437723512
3572313313500359
6524139542983165
9839520855610612
124960077061422
9390843793321483
902990341919157
6030462059010505
9161585476877646
8305914767886430
3226024096976725
4078703562968178
9869971807440691
8570654457876794
1613185263022367
1006565008284354
9479014463726182
6172047112269454
2503553464428318
3087173627942816
7971747796106053
7411545617028441
3741888672983910
7375392352922627
1443685721251294
9747914193840989
4614845664287988
4271605207635780
4767272169455154
4889493447519673
2605442294058236
1981636172373071
1838197944884407
9771522837177000
6764101037090627
6842350221203662
7430727932780082
9263270128369946
5024741605903733
771493316663909
6046635901203645
9658954635504311
425354042412243
9714653768714286
9646903309970197
9186511335589342
5830893022358046
1825701914077955
7504251252899383
2921082745961529
1615072060814698
6434757395251497
9961367344982620
6148947125184625
7955855879063246
615983076060783
1134120798609585
5956846813625547
6462538723768285
8633882115298742
8727149864277797
3717073659159718
2211890792979068
5770106382215132
7453217594449264
6327152525344280
764850458420454
5343161370732140
4046183504202661
6202744300795355
8107777207263834
242123594346991
9665095080406074
5802910786310817
8863746100582849
5395167294679509
394775540214099
3108862542699763
7606399940569064
8458144305267109
9503648169246665
8232690319833692
4144379298937785
4092759593052594
9725895615870588
5984560733954202
9597448118485224
4744356175414944
8852182868176139
4589907613902530
731532206219141
3343557135735536
3757081458679994
1167955041134262
4040611476692431
2142817248360338
3234291594215544
1436429876917833
3546666429001605
6538415570213398
7881278787176723
5302766812069823
1228794790311355
3581880864851516
157795313110054
4478923019348210
1789586186736073
5594868431850329
1678947959011540
485804410913633
3427518502015968
9291937614316254
9990282178553095
5896230048097902
9121392512797929
7791571927077756
8363285583372533
2435505358420470
3265807992661190
5343489172586369
9554532273609354
2680511446011947
2350787715568841
4287366408428757
5656425122715872
8167437042295906
5685518162494884
8233394975103937
8954393459442278
3361844010215912
9263683905951603
548651143655549
3572996038570139
9320862859055711
8000180268465080
9556465065980967
276426817799284
2175416439881597
5386461989221466
1301341205092814
378434494088205
3501177811043968
5671098193699675
2973394245022498
2759916833180606
2982419196529692
8936112913746310
9078759669980369
6592959912055731
8786226810089997
9777559808927310
2922366107186384
2787599098215328
70179108124866
2985890866861915
5954391227634452
8328141001225577
5890216632741231
5839675022424493
820482031941337
8621728741490818
9334040351988326
3962988609067475
2628504735157696
5471492706132531
8387139531091201
2646486105015454
9862496133598029
9194877470929437
1282946030947389
5995148341710448
7680228149803629
7275564005952932
3866327727928828
4048642519717643
3948170027926382
3462108897779060
6812631552161160
1335999810458694
2501739493162337
7761487986508919
7925961215267252
6294068581817156
9755883205235433
1830954456381571
7754789928705939
8124317557111793
4198813870009680
6012982736177195
8506055131267461
8416695424474812
3528970125580439
4007871863106205
6837524450273493
8070273345682320
9572045972963268
1915309371247350
220655712153990
3432470047404976
5752575267875196
8234635464182197
5881856211229890
8312154805181785
8185643753014150
6184704079184940
7069676402927045
3653489981735676
7572653571425779
5335375406637928
6811009641802089
3649909251174814
1485770625553984
4637323779289686
7194010563507366
4300260112849910
2545065005765246
7254745529151350
7363646561304051
7637262870919097
7947987111693201
562752439399293
5183257225407249
5773703264824500
6101545292657089
3839966110339169
2279181261083622
3602057282787504
1313424385466497
5795638954574574
5853603938103113
6442697265024220
2980658082748511
3504255530859903
1162752329266010
9564834709672682
115899208947726
620045589111687
8384108893992076
4609555675475351
9795667858592903
3106426402678603
6239388349389190
4238594238203371
1907258089347095
4994607606762483
1232831436147013
435005298834199
5897594895624143
9891191193938650
6771352240671096
4818031870855551
4855815184839293
8752617265704090
6349962134041599
6035856641082562
740545963153655
3656985731108749
2039605158918016
1104468016420475
2722829019172007
6409660234584036
5863304958998887
4712705040523482
67741088574422
452885991420837
1479783343978101
4663058005795513
6614540239030046
3002451593877349
5632169703323981
8321637553217066
6410484539694454
53456808087334
8815032582163467
6171767964692669
8362368062681067
986030022827260
7848935764913422
5173064618687553
1628657002485450
8220141698383771
6842501150208873
8896993122613513
5901447523604685
4632488836401249
9213248162590902
9522434716549213
520133544520735
1330060790405543
907243421104506
1318585788318204
597760608607538
7602932028979372
2112015156500984
7711729864640047
4887860157989773
5337858968155120
2036738841534917
7327446476020164
116696826352647
1405367701901932
3709074622599523
5327283302318721
6877150570414885
3233503276588783
5211185435675715
8131729023666867
8130956219282193
7304757900538733
1881604170611510
4358597948771490
8882091696059053
5168699728349539
4309180450744115
6033095404921140
3933285649588625
1917465263202297
7536048500784102
9274486525492362
4868775176501986
3246863932135575
2895351335969005
6572349699836258
849615448189789
7200851289012597
9994545866344630
6176996984541090
4574401224974909
8606344119001242
9205957538540705
2194170055722010
2240746314589535
8839795864730997
5863532145780398
9750221089750018
7715126945782793
1873862377360213
4440431407620136
7543549739327858
7835809095056067
3135423051616268
2079411831889136
8590233756742218
71861547506064
9324905220058147
5781285420631633
3781945654223175
1158301246726066
1417335322515671
671881113005983
684042369439735
7122039006662074
6160061097604799
9441760484833187
6899027573133485
885582616043386
2729172556689305
6193695955894918
7299572055682190
3746724467119912
5191063140503217
4480048221552412
2896307813995512
5125288021366937
78328545276021
6736379499499586
5355351522642388
466241179800434
3927571460586296
5120869610496080
931826270622778
7797196131633123
2894173633844393
5984567134080494
5457703723916976
7643832797056628
5565481366368625
7889647057185597
4040450394127355
576668275633981
8505145730132382
6857389271222592
5224887354486606
9145702636617756
9699822150644214
9991459247840298
5882247309622336
2185853999772979
8423591134864496
6943495606779265
5261776347181480
6057099421093965
6720067989908362
7056423772925025
1121769844233442
9211431216086182
1018248511445376
2157029741025830
8205303774854543
9227950480776368
5792952654654548
1625101133097918
6503991837077129
9082736346867284
757788096363939
7825062148127614
9630037846155986
6657866179830837
97643767194925
8561971689438927
9468019199616447
6361706277410799
5624830066302314
5762696280484768
3284898519619166
8029172588972084
4550397259375615
9961986183609080
1227591495684808
8076145174188462
8528387620229021
1800264752597975
2126163250709418
4057954481317835
640580776405695
54647032985035
1647781914471730
2470394912199692
5583688605165937
697733073806238
918552429553650
2756919372361222
197217944991387
112027900833029
3960192316893542
8252576182287749
3981851112853800
4414636089579998
5795323063260037
8190222259862784
4914972074064642
4431593352230827
8384331046025914
8185136916888973
4837900901201141
5299571647009818
1099943406053514
9849217944951736
1290752884617966
1091635032715832
5060753505654008
1695530980983316
1884135649186665
7921481121712937
4076058342894180
2389437031839482
1256897271504972
5366590048532018
8351933227499940
6076420723940119
5166854736795310
1985648130587008
3529098087812137
6142908110286585
7244138484538819
9441465184867924
6529723767316151
4799880377503899
7992752603324
4060551307672380
9452023666883696
8556279122327731
6667344278818352
9379039471622427
3143662692787195
4487652915340663
5409204470787869
7687410238841299
6789341417590263
5504015902747465
4899272124934394
9170473195004586
8952257452061348
9159591960366080
2804471606621839
9852463935114451
8007660751242679
9287287861412796
7682351788556331
2139404357668351
6199785840737365
1524997637502588
5608312154924695
6772728674112286
5947709893220119
7052974944807022
3625774785871749
1971565210102486
234033417260599
6286634921563329
2360189239475320
3479182154480609
551865036964137
9353561673972411
4944932996449578
9206407211640560
6985779951936619
9694799122636553
1431736753053008
9777023789086937
492887721984789
3617509106557682
9922516768319813
4154172230725417
8668739433149362
2918873684644945
3241927947557912
9820867109366168
3473708273577216
1411026511779459
3705345081410577
3891305560957049
4209047795874755
4196400046680076
6716333141572362
3763420465401139
7024730822513447
1545989578845215
4998270644955912
9239054511972340
5376282682209670
6174763131263006
330127248759701
7719414584155658
4994279156665604
3325083701748450
4976264692085382
7444554332349663
4363391291389942
378166978857790
4490523994657365
2632244491734665
3609439943333089
5514076496335159
1308051700529171
7660650835500872
3650791927650146
312658943765474
1242827181706157
3538987614628165
4978704200987746
6992450209153925
4569434512220082
9260169028907726
4390306808281663
8364537402951914
9325307782767758
8200171549602658
5214445392217386
4457460471840233
6521709446546436
7522283092079342
5257471751374542
9352553606413551
7451629891917744
8093860832235758
8972413055839488
1043003539648911
9740341102107578
7293101109251798
9746163622982508
5361899715361044
6365563537961462
5369342240046790
2137066795473273
7263515428236860
5901332720046321
2849530539120525
6217370886829430
2318052432801447
691239770905327
6513884337758141
9625707294299775
2304444628911538
5667487638380315
1384938995790681
1664328866179418
8651117430025409
4893217064526240
7206755509429188
5841009331305918
9354673739298922
6564031501227023
8287085622650203
7119129097121667
356401112056645
3764145239216981
3117884625036654
1170699533000039
3412590393747972
6492823899414578
4693245664014804
9901301425275031
4774512745296699
6773828898445580
8254253157532282
9114759606402677
3796338515776890
9606655709693518
1684403478163658
5496763973796265
7494377391398830
7342004689451857
5865310400490736
5114682564057881
6450107743479759
8149896368611995
919848889779110
9755917289579726
2925120252830602
2638168644214432
6889406536167677
9965943269876669
3062144798050420
8569016364089763
8515457149823229
312560256665278
9287859637635564
6865298430256705
7456439769119993
7813990605815698
4996504475443722
2706280252823853
7533390956528571
4650687751125014
3046023593580168
1150336342520429
57620971497189
1165706683710601
89380341682580
5212169014881543
4577913392450066
1084123600078346
6122884945172871
6142811197320687
2651457882694980
3092417604024857
9472185403432534
6446855738183868
7681456149419447
8064335298988891
1647586990968135
9213994847306204
6195766668269158
9857186693841457
9757382407203800
6088324985055566
5917038345763188
6694662536025514
426008283118831
6752504422384115
3878720770839832
5568253040116056
3159389792904083
6424492730615025
5987584888289438
1104587270023776
850396316316326
3468274515728442
4667651379173177
4142128671026679
4421718290453689
5878948378500450
7419648295318989
1425560209462949
9541776599058318
4845344276276715
9702514700709864
2853998428196486
8782820401787773
2704703853276113
5928487776429820
4510291043877665
8661719266610260
5924913539529281
2531646547516348
6059716615632474
9636965754808837
5977606640835220
4023415859604305
8250299086252181
8535129322077006
9453644827001074
3220626535967268
7292826907414434
8032778150715859
6030830798213585
8986773067112720
6371913195199121
