8185099285209145 
7075339107081019 
640904115652591 
699059234573950 
3821701465442891 
9370646097390169 
3231405834979810 
1850884017234395 
3801829741075466 
540168881271137 
2545171349758192 
1597181395944134 
4808764804932068 
7581664330568676 
2281999321403870 
4533540853644025 
8421794371578008 
5935296786582469 
6884845122873466 
1428731681300413 
8642605605669285 
3143572962355840 
8252863036439010 
3420309142940069 
4573827440730206 
2142085102731620 
1301923768472803 
1668678322776752 
36539889195662 
879668492077157 
2811961593975571 
7088025432481467 
1028129402731870 
6482687041825619 
731392552550342 
7368333800738566 
4712431569754984 
4845896016658046 
7965878386094767 
8009115862293996 
7626451376990495 
1131820904145585 
4285374404551289 
1739489540242005 
2554348379580263 
4568806411753416 
7427594840496482 
6080891869113219 
2288331411933647 
3063017996359203 
3751880446109416 
2279369841033483 
8652394173082058 
2421178624253902 
5305369751138057 
4036606009245054 
8749460456142595 
8889403098678534 
3209978330948749 
826449546857853 
9602746383598853 
6751094222326597 
2576890786725814 
5801808510879326 
2051519207000701 
8926706424240127 
6324185461577499 
861649887220374 
4939691131467406 
3944697834792665 
338262166954927 
3127117009167477 
8968855708710186 
7901907044941457 
312531472718686 
5418255725235877 
3897715785393674 
2729835212913718 
7655281984772192 
4158596600676358 
3535878801316064 
9389112054549720 
3326877148863333 
8075223536311847 
5836482960452555 
5717211864553401 
994851044440127 
9999519577755829 
3630065280286220 
7274979002106051 
5040717073898484 
7682379124150399 
8608777495517355 
6427666943200138 
1677252779809755 
1772355767908669 
3168989312231699 
339191256480281 
8608832394453737
4702332352917425 
